version https://git-lfs.github.com/spec/v1
oid sha256:29bb000740f6335b03e6f0313c70633c159fef75ded158ce60636b1770d63c4a
size 8255421
