Deskriptive Statistiken der Features pro Cluster (Mittelwert, Standardabweichung, etc.):

--- Cluster 0 ---
                                                        count           mean            std          min            25%            50%            75%           max
team_result                                           55706.0       0.552400       0.503814     0.000000       0.000000       1.000000       1.000000  2.000000e+00
team_color_bin                                        55706.0       0.494148       0.499970     0.000000       0.000000       0.000000       1.000000  1.000000e+00
match_id                                              55706.0   19138.647040   11747.737789     1.000000    8869.250000   18664.000000   29249.000000  4.103700e+04
overtime_seconds                                      55706.0      44.247155     121.285268     0.000000       0.000000       0.000000      53.000000  3.447000e+03
stats_core_shots                                      55706.0       3.724231       2.214264     0.000000       2.000000       3.000000       5.000000  5.400000e+01
stats_core_shots_against                              55706.0       8.199225       5.715206     0.000000       6.000000       8.000000      10.000000  1.260000e+02
stats_core_goals                                      55706.0       1.082217       1.097880     0.000000       0.000000       1.000000       2.000000  2.000000e+01
stats_core_goals_against                              55706.0       2.650127       2.746910     0.000000       1.000000       2.000000       3.000000  6.900000e+01
stats_core_saves                                      55706.0       1.539906       1.392040     0.000000       1.000000       1.000000       2.000000  3.600000e+01
stats_core_assists                                    55706.0       0.733476       0.848468     0.000000       0.000000       1.000000       1.000000  6.000000e+00
stats_core_score                                      55706.0     449.593670     211.918991     0.000000     304.000000     419.000000     560.000000  4.883000e+03
stats_core_shooting_percentage                        55706.0      28.821679      29.126669     0.000000       0.000000      25.000000      50.000000  3.000000e+02
stats_boost_bpm                                       55706.0     437.000592      81.668860     0.000000     405.000000     436.000000     468.000000  1.382500e+04
stats_boost_bcpm                                      55706.0     453.651142      61.001208     0.000000     420.046700     453.328950     486.549472  8.081632e+03
stats_boost_avg_amount                                55706.0      50.408623       4.627504     7.060000      47.340000      50.410000      53.440000  1.000000e+02
stats_boost_amount_collected                          55706.0    2812.824166     583.192955     0.000000    2469.000000    2708.000000    3020.000000  1.373000e+04
stats_boost_amount_stolen                             55706.0     751.025060     226.072059     0.000000     609.000000     728.000000     861.000000  5.435000e+03
stats_boost_amount_collected_big                      55706.0    2028.983359     473.481790     0.000000    1738.000000    1971.000000    2240.000000  1.044100e+04
stats_boost_amount_stolen_big                         55706.0     477.340358     193.681348     0.000000     350.000000     463.000000     585.000000  3.923000e+03
stats_boost_amount_collected_small                    55706.0     783.840807     228.689430     0.000000     639.000000     747.000000     880.000000  3.766000e+03
stats_boost_amount_stolen_small                       55706.0     273.684702      95.062064     0.000000     211.000000     261.000000     321.000000  1.852000e+03
stats_boost_count_collected_big                       55706.0      24.818368       6.055985     0.000000      21.000000      24.000000      27.000000  2.490000e+02
stats_boost_count_stolen_big                          55706.0       5.793900       2.313088     0.000000       4.000000       6.000000       7.000000  7.400000e+01
stats_boost_count_collected_small                     55706.0      68.523534      19.345708     0.000000      56.000000      66.000000      77.000000  7.610000e+02
stats_boost_count_stolen_small                        55706.0      23.667433       7.959047     0.000000      19.000000      23.000000      27.000000  4.190000e+02
stats_boost_amount_overfill                           55706.0     432.276721     206.160780     0.000000     290.000000     404.000000     538.000000  5.612000e+03
stats_boost_amount_overfill_stolen                    55706.0      94.820540      74.531428     0.000000      39.000000      82.000000     134.000000  1.839000e+03
stats_boost_amount_used_while_supersonic              55706.0     404.383765     175.736422     0.000000     282.000000     380.000000     499.000000  4.083000e+03
stats_boost_percent_zero_boost                        55706.0      12.135747       4.248996     0.000000       9.133019      11.774789      14.734777  3.799501e+01
stats_boost_percent_full_boost                        55706.0      11.423004       4.125295     0.000000       8.500083      10.827416      13.642528  4.471144e+01
stats_boost_percent_boost_0_25                        55706.0      33.621312       6.957129     0.000000      28.875977      33.462767      38.183144  1.000000e+02
stats_boost_percent_boost_25_50                       55706.0      20.983517       3.894157     0.000000      18.301802      20.880582      23.550681  5.252748e+01
stats_boost_percent_boost_50_75                       55706.0      17.718367       3.845041     0.000000      15.058397      17.522455      20.142847  4.242808e+01
stats_boost_percent_boost_75_100                      55706.0      27.655262       5.924996     0.000000      23.531840      27.312857      31.435313  1.000000e+02
stats_movement_avg_speed                              55706.0    1601.983539      72.083344   999.000000    1555.000000    1601.000000    1649.000000  2.168000e+03
stats_movement_total_distance                         55706.0  583887.492389  123221.184900   701.000000  518465.250000  549323.000000  612098.000000  3.006909e+06
stats_movement_time_powerslide                        55706.0       7.616184       2.995707     0.000000       5.640000       7.130000       8.970000  5.103000e+01
stats_movement_count_powerslide                       55706.0      72.572721      29.534894     0.000000      52.000000      68.000000      87.000000  5.250000e+02
stats_movement_avg_powerslide_duration                55706.0       0.108190       0.023170     0.000000       0.090000       0.110000       0.120000  5.300000e-01
stats_movement_avg_speed_percentage                   55706.0      69.651458       3.134058    43.434784      67.608696      69.608696      71.695656  9.426087e+01
stats_movement_percent_slow_speed                     55706.0      41.043330       5.288669     0.000000      37.600372      41.044152      44.558751  8.431995e+01
stats_movement_percent_boost_speed                    55706.0      40.425740       3.737356     7.516429      37.920864      40.399423      42.896344  1.000000e+02
stats_movement_percent_supersonic_speed               55706.0      18.530931       4.638106     0.000000      15.331816      18.235956      21.342070  7.733168e+01
stats_movement_percent_ground                         55706.0      54.415526       4.686330    13.167260      51.399047      54.452796      57.511750  9.297314e+01
stats_movement_percent_low_air                        55706.0      39.647332       4.101883     5.806377      36.933310      39.568260      42.263656  8.683274e+01
stats_movement_percent_high_air                       55706.0       5.937141       2.121654     0.000000       4.442902       5.793871       7.282448  1.853765e+01
stats_positioning_avg_distance_to_ball                55706.0    2718.649176     312.925619  1180.000000    2509.000000    2745.000000    2937.000000  6.406000e+03
stats_positioning_avg_distance_to_ball_possession     55706.0    2560.539493     367.062734     0.000000    2313.000000    2581.000000    2814.000000  5.158000e+03
stats_positioning_avg_distance_to_ball_no_possession  55706.0    2870.878792     331.466159     0.000000    2651.000000    2886.000000    3095.000000  5.845000e+03
stats_positioning_avg_distance_to_mates               55706.0    3558.119449     330.863106     0.000000    3355.000000    3609.000000    3788.000000  8.172000e+03
stats_positioning_percent_defensive_third             55706.0      42.873756       5.815045     0.000000      39.054915      42.908934      46.766040  6.683710e+01
stats_positioning_percent_offensive_third             55706.0      24.714293       4.862404     0.000000      21.391679      24.386080      27.710525  1.000000e+02
stats_positioning_percent_neutral_third               55706.0      32.411951       3.452410     0.000000      30.094347      32.362875      34.670614  1.000000e+02
stats_positioning_percent_defensive_half              55706.0      59.566320       5.826716     0.000000      55.828531      59.797478      63.527003  8.333334e+01
stats_positioning_percent_offensive_half              55706.0      40.433680       5.826716    16.666668      36.473002      40.202523      44.171467  1.000000e+02
stats_positioning_percent_behind_ball                 55706.0      70.456852       5.442042     0.000000      67.359571      70.772512      74.059843  1.000000e+02
stats_positioning_percent_infront_ball                55706.0      29.543148       5.442042     0.000000      25.940160      29.227485      32.640427  1.000000e+02
stats_positioning_percent_most_back                   55706.0      36.285174       9.106486     0.000000      29.693659      34.263107      42.676780  9.938094e+01
stats_positioning_percent_most_forward                55706.0      40.041134       9.146505     0.000000      33.337617      37.814439      46.544311  9.938094e+01
stats_positioning_percent_closest_to_ball             55706.0      38.568133       8.352043     0.000000      32.595910      36.104985      44.343746  9.938094e+01
stats_positioning_goals_against_while_last_defender   55706.0       0.963397       1.044752     0.000000       0.000000       1.000000       1.000000  1.700000e+01
stats_positioning_percent_farthest_from_ball          55706.0      37.860123       9.008292     0.000000      31.325633      35.385159      44.440161  9.938094e+01
stats_demo_inflicted                                  55706.0       1.382849       1.320079     0.000000       0.000000       1.000000       2.000000  1.700000e+01
stats_demo_taken                                      55706.0       0.999354       1.105770     0.000000       0.000000       1.000000       2.000000  1.800000e+01
tod_sin                                               55706.0      -0.542501       0.466393    -1.000000      -0.906492      -0.707364      -0.313285  9.999851e-01
tod_cos                                               55706.0       0.395793       0.575785    -1.000000       0.073383       0.583187       0.862182  1.000000e+00

--- Cluster 1 ---
                                                        count           mean            std        min            25%            50%            75%           max
team_result                                           21464.0       0.428485       0.576538   0.000000       0.000000       0.000000       1.000000  2.000000e+00
team_color_bin                                        21464.0       0.501864       0.500008   0.000000       0.000000       1.000000       1.000000  1.000000e+00
match_id                                              21464.0   20087.005078   11863.024131  11.000000    9562.000000   19832.500000   30332.250000  4.103500e+04
overtime_seconds                                      21464.0       7.592201      70.879642   0.000000       0.000000       0.000000       0.000000  3.447000e+03
stats_core_shots                                      21464.0       5.892425      14.554357   0.000000       0.000000       1.000000       3.000000  1.330000e+02
stats_core_shots_against                              21464.0      19.306234      38.807080   0.000000       3.000000       6.000000      10.000000  2.350000e+02
stats_core_goals                                      21464.0       0.535315       0.894813   0.000000       0.000000       0.000000       1.000000  1.500000e+01
stats_core_goals_against                              21464.0       2.546124       2.164789   0.000000       1.000000       2.000000       4.000000  3.700000e+01
stats_core_saves                                      21464.0       0.978243       1.409773   0.000000       0.000000       1.000000       1.000000  4.100000e+01
stats_core_assists                                    21464.0       0.315272       0.620945   0.000000       0.000000       0.000000       0.000000  6.000000e+00
stats_core_score                                      21464.0     269.939573     278.227281   0.000000      80.000000     195.000000     369.000000  4.961000e+03
stats_core_shooting_percentage                        21464.0      20.400852      35.597835   0.000000       0.000000       0.000000      33.333332  2.000000e+02
stats_boost_bpm                                       21464.0     317.346254     131.947185   0.000000     278.000000     341.000000     392.000000  3.124000e+03
stats_boost_bcpm                                      21464.0     277.907391     166.423609   0.000000     193.892225     324.024010     393.093372  1.564557e+03
stats_boost_avg_amount                                21464.0      48.759635      15.742249   0.000000      42.510000      48.320000      54.000000  1.000000e+02
stats_boost_amount_collected                          21464.0     810.264489     596.785831   0.000000     150.750000     887.000000    1262.250000  2.936000e+03
stats_boost_amount_stolen                             21464.0     117.031774     110.453092   0.000000       0.000000     100.000000     192.000000  6.100000e+02
stats_boost_amount_collected_big                      21464.0     511.053252     408.796034   0.000000       0.000000     555.000000     828.000000  1.979000e+03
stats_boost_amount_stolen_big                         21464.0      59.966083      80.390443   0.000000       0.000000       0.000000     100.000000  5.150000e+02
stats_boost_amount_collected_small                    21464.0     299.211237     351.105533   0.000000      42.000000     249.000000     403.000000  2.936000e+03
stats_boost_amount_stolen_small                       21464.0      57.065691      52.953024   0.000000       0.000000      48.000000      90.000000  3.930000e+02
stats_boost_count_collected_big                       21464.0       6.188455       4.963336   0.000000       0.000000       7.000000      10.000000  2.700000e+01
stats_boost_count_stolen_big                          21464.0       0.734206       0.959134   0.000000       0.000000       0.000000       1.000000  7.000000e+00
stats_boost_count_collected_small                     21464.0      22.201127      18.041947   0.000000       4.000000      22.000000      34.000000  1.000000e+02
stats_boost_count_stolen_small                        21464.0       4.955833       4.419359   0.000000       0.000000       5.000000       8.000000  2.900000e+01
stats_boost_amount_overfill                           21464.0     104.754985     111.894444   0.000000       0.000000      77.000000     167.000000  8.360000e+02
stats_boost_amount_overfill_stolen                    21464.0      12.863492      26.345236   0.000000       0.000000       0.000000      12.000000  3.010000e+02
stats_boost_amount_used_while_supersonic              21464.0      87.784383      79.539439   0.000000      25.000000      72.000000     131.000000  1.218000e+03
stats_boost_percent_zero_boost                        21464.0       8.981248       7.649429   0.000000       2.532265       8.206739      13.281909  7.181162e+01
stats_boost_percent_full_boost                        21464.0      11.293710       8.049316   0.000000       5.964125      10.406778      15.549594  8.363324e+01
stats_boost_percent_boost_0_25                        21464.0      29.614981      17.022314   0.000000      19.846168      29.766089      38.735874  1.000000e+02
stats_boost_percent_boost_25_50                       21464.0      22.616953      12.097088   0.000000      17.210978      22.872066      28.512287  1.000000e+02
stats_boost_percent_boost_50_75                       21464.0      16.409573       9.794857   0.000000      10.614664      16.283742      22.233936  1.000000e+02
stats_boost_percent_boost_75_100                      21464.0      23.694498      13.307887   0.000000      16.228665      23.946985      31.551494  1.000000e+02
stats_movement_avg_speed                              21464.0    1370.853196     293.388978   0.000000    1340.000000    1428.000000    1507.000000  2.219000e+03
stats_movement_total_distance                         21464.0  260648.454994  149606.496572   0.000000  163528.750000  249612.000000  384344.750000  1.260545e+06
stats_movement_time_powerslide                        21464.0       3.314757       2.732293   0.000000       1.530000       2.890000       4.580000  1.041600e+02
stats_movement_count_powerslide                       21464.0      26.457138      19.533454   0.000000      12.000000      24.000000      37.000000  2.680000e+02
stats_movement_avg_powerslide_duration                21464.0       0.125983       0.089048   0.000000       0.100000       0.120000       0.140000  3.590000e+00
stats_movement_avg_speed_percentage                   21464.0      59.602313      12.756043   0.000000      58.260868      62.086956      65.521736  9.647826e+01
stats_movement_percent_slow_speed                     21464.0      55.289598      14.048933   0.000000      48.845062      54.567690      61.154168  1.000000e+02
stats_movement_percent_boost_speed                    21464.0      32.569140       9.700072   0.000000      29.800270      34.299193      38.165599  1.000000e+02
stats_movement_percent_supersonic_speed               21464.0      10.063364       5.819327   0.000000       6.252155       9.623935      13.394934  7.286822e+01
stats_movement_percent_ground                         21464.0      56.302376      14.012776   0.000000      51.360946      56.539124      61.766759  1.000000e+02
stats_movement_percent_low_air                        21464.0      36.750336      11.198763   0.000000      33.462862      37.997371      42.224602  1.000000e+02
stats_movement_percent_high_air                       21464.0       4.869390       3.827820   0.000000       2.261316       4.437411       6.845604  1.000000e+02
stats_positioning_avg_distance_to_ball                21464.0    2668.124534     724.593350   0.000000    2313.000000    2620.000000    2974.000000  9.674000e+03
stats_positioning_avg_distance_to_ball_possession     21464.0    2442.737141     938.161035   0.000000    2039.000000    2431.000000    2872.000000  9.624000e+03
stats_positioning_avg_distance_to_ball_no_possession  21464.0    2642.698845     831.417252   0.000000    2346.000000    2675.000000    3026.000000  9.674000e+03
stats_positioning_avg_distance_to_mates               21464.0    3134.080786     813.247029   0.000000    2835.000000    3183.000000    3538.000000  9.292000e+03
stats_positioning_percent_defensive_third             21464.0      52.381672      16.294875   0.000000      43.810412      52.693715      60.236861  1.000000e+02
stats_positioning_percent_offensive_third             21464.0      14.967255       8.601671   0.000000      10.387440      14.746639      19.362936  1.000000e+02
stats_positioning_percent_neutral_third               21464.0      30.573175      11.302103   0.000000      25.670902      30.520802      36.421639  1.000000e+02
stats_positioning_percent_defensive_half              21464.0      69.734894      15.432981   0.000000      63.958420      70.682160      77.013727  1.000000e+02
stats_positioning_percent_offensive_half              21464.0      28.187208      12.322380   0.000000      22.272524      28.787847      35.346832  1.000000e+02
stats_positioning_percent_behind_ball                 21464.0      70.680545      14.697885   0.000000      65.724724      71.471207      77.656977  1.000000e+02
stats_positioning_percent_infront_ball                21464.0      27.241557      11.214358   0.000000      21.643773      28.081556      33.700644  1.000000e+02
stats_positioning_percent_most_back                   21464.0      42.923509      16.866335   0.000000      33.278824      42.749773      52.788260  4.123711e+02
stats_positioning_percent_most_forward                21464.0      38.215039      16.486890   0.000000      28.928208      37.484590      47.489332  4.123711e+02
stats_positioning_percent_closest_to_ball             21464.0      38.757473      15.335842   0.000000      30.487410      37.663648      47.448309  4.123711e+02
stats_positioning_goals_against_while_last_defender   21464.0       0.954016       1.158975   0.000000       0.000000       1.000000       2.000000  1.300000e+01
stats_positioning_percent_farthest_from_ball          21464.0      42.170202      16.334695   0.000000      32.455194      41.587740      51.998953  4.123711e+02
stats_demo_inflicted                                  21464.0       0.328038       0.694602   0.000000       0.000000       0.000000       1.000000  2.200000e+01
stats_demo_taken                                      21464.0       0.510855       0.875981   0.000000       0.000000       0.000000       1.000000  1.800000e+01
tod_sin                                               21464.0      -0.476148       0.495893  -1.000000      -0.892397      -0.625980      -0.162411  9.999988e-01
tod_cos                                               21464.0       0.301686       0.660599  -0.999998      -0.221708       0.529549       0.892061  1.000000e+00

--- Cluster 2 ---
                                                        count           mean           std         min            25%            50%            75%           max
team_result                                           71369.0       0.538259      0.506844    0.000000       0.000000       1.000000       1.000000  2.000000e+00
team_color_bin                                        71369.0       0.500834      0.500003    0.000000       0.000000       1.000000       1.000000  1.000000e+00
match_id                                              71369.0   20382.621306  11862.484937    1.000000   10130.000000   20307.000000   30540.000000  4.103400e+04
overtime_seconds                                      71369.0       4.864255     30.913651    0.000000       0.000000       0.000000       0.000000  3.447000e+03
stats_core_shots                                      71369.0       4.186566      2.317207    0.000000       3.000000       4.000000       5.000000  7.800000e+01
stats_core_shots_against                              71369.0       7.981196      3.332377    0.000000       6.000000       8.000000      10.000000  7.500000e+01
stats_core_goals                                      71369.0       1.710098      1.466177    0.000000       1.000000       1.000000       2.000000  4.300000e+01
stats_core_goals_against                              71369.0       2.926831      1.834151    0.000000       2.000000       3.000000       4.000000  2.200000e+01
stats_core_saves                                      71369.0       2.020877      1.542203    0.000000       1.000000       2.000000       3.000000  2.500000e+01
stats_core_assists                                    71369.0       0.759952      0.883877    0.000000       0.000000       1.000000       1.000000  6.000000e+00
stats_core_score                                      71369.0     553.443050    245.693680    0.000000     392.000000     529.000000     679.000000  1.063000e+04
stats_core_shooting_percentage                        71369.0      40.333331     30.616642    0.000000      20.000000      40.000000      60.000000  3.000000e+02
stats_boost_bpm                                       71369.0     416.463114     58.129865    0.000000     383.000000     415.000000     449.000000  6.976000e+03
stats_boost_bcpm                                      71369.0     432.873578     53.650521    0.000000     397.220550     431.792140     467.392600  8.206545e+02
stats_boost_avg_amount                                71369.0      47.788397      4.948570    0.000000      44.530000      47.760000      51.040000  1.000000e+02
stats_boost_amount_collected                          71369.0    2252.762474    484.203346    0.000000    1978.000000    2294.000000    2571.000000  5.082000e+03
stats_boost_amount_stolen                             71369.0     461.130799    178.122125    0.000000     336.000000     456.000000     579.000000  1.502000e+03
stats_boost_amount_collected_big                      71369.0    1596.315123    458.600112    0.000000    1341.000000    1627.000000    1894.000000  4.033000e+03
stats_boost_amount_stolen_big                         71369.0     270.679875    152.654420    0.000000     167.000000     266.000000     372.000000  1.218000e+03
stats_boost_amount_collected_small                    71369.0     656.447351    332.553594    0.000000     512.000000     625.000000     735.000000  5.082000e+03
stats_boost_amount_stolen_small                       71369.0     190.450924     71.178982    0.000000     140.000000     186.000000     235.000000  6.790000e+02
stats_boost_count_collected_big                       71369.0      19.253485      5.608327    0.000000      16.000000      20.000000      23.000000  5.700000e+01
stats_boost_count_stolen_big                          71369.0       3.255055      1.775294    0.000000       2.000000       3.000000       4.000000  1.600000e+01
stats_boost_count_collected_small                     71369.0      54.541019     14.552325    0.000000      45.000000      55.000000      64.000000  1.330000e+02
stats_boost_count_stolen_small                        71369.0      16.700851      5.949571    0.000000      13.000000      16.000000      21.000000  4.400000e+01
stats_boost_amount_overfill                           71369.0     308.343805    165.628437    0.000000     190.000000     290.000000     405.000000  2.766000e+03
stats_boost_amount_overfill_stolen                    71369.0      49.918956     50.108207    0.000000       9.000000      36.000000      77.000000  5.020000e+02
stats_boost_amount_used_while_supersonic              71369.0     272.471395    130.698261    0.000000     177.000000     257.000000     351.000000  1.181000e+03
stats_boost_percent_zero_boost                        71369.0      12.836215      4.598126    0.000000       9.550322      12.430824      15.666455  4.674775e+01
stats_boost_percent_full_boost                        71369.0      11.181306      4.257809    0.000000       8.183890      10.564215      13.497244  4.720826e+01
stats_boost_percent_boost_0_25                        71369.0      35.470137      7.562079    0.000000      30.282200      35.320460      40.456596  1.000000e+02
stats_boost_percent_boost_25_50                       71369.0      22.328529      4.375233    0.000000      19.387873      22.156963      25.115934  5.445524e+01
stats_boost_percent_boost_50_75                       71369.0      16.458927      4.160856    0.000000      13.586213      16.202213      19.082720  3.997966e+01
stats_boost_percent_boost_75_100                      71369.0      25.718588      6.242981    0.000000      21.377512      25.301037      29.623442  6.126527e+01
stats_movement_avg_speed                              71369.0    1538.938517     76.197973   78.000000    1491.000000    1539.000000    1588.000000  2.228000e+03
stats_movement_total_distance                         71369.0  467643.998192  93497.165437   76.000000  429408.000000  488665.000000  523379.000000  2.805322e+06
stats_movement_time_powerslide                        71369.0       6.143973      2.474162    0.000000       4.470000       5.910000       7.500000  4.632000e+01
stats_movement_count_powerslide                       71369.0      55.602152     23.599272    0.000000      39.000000      53.000000      70.000000  2.720000e+02
stats_movement_avg_powerslide_duration                71369.0       0.114829      0.028300    0.000000       0.100000       0.110000       0.130000  7.500000e-01
stats_movement_avg_speed_percentage                   71369.0      66.910370      3.312955    3.391304      64.826090      66.913040      69.043480  9.686957e+01
stats_movement_percent_slow_speed                     71369.0      46.272594      5.557446    0.000000      42.605072      46.211940      49.793816  1.000000e+02
stats_movement_percent_boost_speed                    71369.0      37.918160      3.819620    0.000000      35.361393      37.866238      40.432860  8.701299e+01
stats_movement_percent_supersonic_speed               71369.0      15.809246      4.238338    0.000000      12.948723      15.583729      18.416350  8.139535e+01
stats_movement_percent_ground                         71369.0      54.186770      4.844253    0.000000      51.052990      54.238230      57.413982  9.490909e+01
stats_movement_percent_low_air                        71369.0      40.465136      4.221775    5.090909      37.675560      40.409874      43.155228  1.000000e+02
stats_movement_percent_high_air                       71369.0       5.348094      2.189137    0.000000       3.796513       5.146541       6.684082  2.239583e+01
stats_positioning_avg_distance_to_ball                71369.0    2313.660973    253.548883  659.000000    2168.000000    2323.000000    2479.000000  3.898000e+03
stats_positioning_avg_distance_to_ball_possession     71369.0    2139.700710    328.376813    0.000000    1949.000000    2151.000000    2353.000000  4.033000e+03
stats_positioning_avg_distance_to_ball_no_possession  71369.0    2461.856955    288.226038    0.000000    2279.000000    2462.000000    2646.000000  4.470000e+03
stats_positioning_avg_distance_to_mates               71369.0    2955.102131    607.740650    0.000000    2868.000000    3037.000000    3213.000000  8.608000e+03
stats_positioning_percent_defensive_third             71369.0      46.508394      6.188883    0.000000      42.485874      46.586876      50.592716  1.000000e+02
stats_positioning_percent_offensive_third             71369.0      21.232527      4.992320    0.000000      17.816795      20.916174      24.274967  1.000000e+02
stats_positioning_percent_neutral_third               71369.0      32.259079      3.936955    0.000000      29.657070      32.124540      34.647335  1.000000e+02
stats_positioning_percent_defensive_half              71369.0      63.878626      6.123320    0.000000      60.046240      64.104410      67.976105  1.000000e+02
stats_positioning_percent_offensive_half              71369.0      36.121374      6.123320    0.000000      32.023895      35.895596      39.953754  1.000000e+02
stats_positioning_percent_behind_ball                 71369.0      74.479639      5.140513    0.000000      71.215416      74.633545      77.888660  1.000000e+02
stats_positioning_percent_infront_ball                71369.0      25.520361      5.140513    0.000000      22.111345      25.366460      28.784584  1.000000e+02
stats_positioning_percent_most_back                   71369.0      51.931282     16.888121    0.000000      46.754720      50.752100      54.829205  3.571428e+03
stats_positioning_percent_most_forward                71369.0      50.935663     16.959338    0.000000      45.609238      49.600640      53.698452  3.571428e+03
stats_positioning_percent_closest_to_ball             71369.0      51.617791     16.632324   15.120968      46.598324      50.133904      53.824364  3.571428e+03
stats_positioning_goals_against_while_last_defender   71369.0       1.568454      1.440628    0.000000       1.000000       1.000000       2.000000  2.000000e+01
stats_positioning_percent_farthest_from_ball          71369.0      51.274012     16.849715    0.000000      46.561170      50.197230      53.807900  3.571428e+03
stats_demo_inflicted                                  71369.0       0.802659      0.938418    0.000000       0.000000       1.000000       1.000000  8.000000e+00
stats_demo_taken                                      71369.0       0.845956      0.960508    0.000000       0.000000       1.000000       1.000000  1.100000e+01
tod_sin                                               71369.0      -0.446642      0.523862   -1.000000      -0.891402      -0.607607      -0.115009  9.999988e-01
tod_cos                                               71369.0       0.259682      0.677241   -1.000000      -0.318684       0.486399       0.880787  1.000000e+00

--- Cluster 3 ---
                                                        count           mean           std          min            25%            50%            75%           max
team_result                                           93769.0       0.479999      0.502285     0.000000       0.000000       0.000000       1.000000  2.000000e+00
team_color_bin                                        93769.0       0.499589      0.500002     0.000000       0.000000       0.000000       1.000000  1.000000e+00
match_id                                              93769.0   19501.761606  11836.334046    16.000000    9136.000000   19022.000000   29809.000000  4.103900e+04
overtime_seconds                                      93769.0       6.721752     34.402871     0.000000       0.000000       0.000000       0.000000  1.795000e+03
stats_core_shots                                      93769.0       2.323753      1.527412     0.000000       1.000000       2.000000       3.000000  1.500000e+01
stats_core_shots_against                              93769.0       7.653105      3.338997     0.000000       5.000000       7.000000      10.000000  9.000000e+01
stats_core_goals                                      93769.0       0.727255      0.862283     0.000000       0.000000       1.000000       1.000000  6.000000e+00
stats_core_goals_against                              93769.0       2.399151      1.674436     0.000000       1.000000       2.000000       3.000000  3.800000e+01
stats_core_saves                                      93769.0       1.287590      1.163760     0.000000       0.000000       1.000000       2.000000  9.000000e+00
stats_core_assists                                    93769.0       0.555024      0.748362     0.000000       0.000000       0.000000       1.000000  6.000000e+00
stats_core_score                                      93769.0     328.156651    145.174598     0.000000     222.000000     312.000000     418.000000  1.132000e+03
stats_core_shooting_percentage                        93769.0      28.239026     34.795811     0.000000       0.000000      16.666666      50.000000  3.000000e+02
stats_boost_bpm                                       93769.0     371.358583     48.826952     0.000000     340.000000     372.000000     403.000000  1.031000e+03
stats_boost_bcpm                                      93769.0     385.426665     50.376474     0.000000     352.733000     385.665370     418.175870  8.812500e+02
stats_boost_avg_amount                                93769.0      49.568071      5.409441     0.000000      46.000000      49.550000      53.040000  1.000000e+02
stats_boost_amount_collected                          93769.0    2073.984558    368.334086     0.000000    1861.000000    2098.000000    2316.000000  4.150000e+03
stats_boost_amount_stolen                             93769.0     408.103403    149.105747     0.000000     301.000000     403.000000     510.000000  1.165000e+03
stats_boost_amount_collected_big                      93769.0    1414.068146    338.472005     0.000000    1200.000000    1426.000000    1641.000000  2.998000e+03
stats_boost_amount_stolen_big                         93769.0     225.322793    132.373302     0.000000     117.000000     201.000000     301.000000  8.790000e+02
stats_boost_amount_collected_small                    93769.0     659.916412    196.703514     0.000000     545.000000     651.000000     763.000000  3.576000e+03
stats_boost_amount_stolen_small                       93769.0     182.780610     69.344793     0.000000     134.000000     176.000000     225.000000  8.500000e+02
stats_boost_count_collected_big                       93769.0      17.058623      4.063755     0.000000      15.000000      17.000000      20.000000  1.000000e+02
stats_boost_count_stolen_big                          93769.0       2.732609      1.551668     0.000000       2.000000       3.000000       4.000000  1.000000e+01
stats_boost_count_collected_small                     93769.0      56.664580     14.287239     0.000000      48.000000      57.000000      66.000000  5.910000e+02
stats_boost_count_stolen_small                        93769.0      15.737845      5.486062     0.000000      12.000000      15.000000      19.000000  8.400000e+01
stats_boost_amount_overfill                           93769.0     282.994145    139.610752     0.000000     181.000000     265.000000     365.000000  1.221000e+03
stats_boost_amount_overfill_stolen                    93769.0      45.495366     46.511664     0.000000       8.000000      32.000000      70.000000  5.920000e+02
stats_boost_amount_used_while_supersonic              93769.0     222.631755    113.408457     0.000000     140.000000     209.000000     290.000000  1.240000e+03
stats_boost_percent_zero_boost                        93769.0      11.411154      4.668016     0.000000       8.075816      10.960896      14.281033  4.684357e+01
stats_boost_percent_full_boost                        93769.0      11.485230      4.954788     0.000000       7.938433      10.672764      14.103152  5.352264e+01
stats_boost_percent_boost_0_25                        93769.0      33.080153      8.406795     0.000000      27.271374      32.843052      38.627087  9.643606e+01
stats_boost_percent_boost_25_50                       93769.0      21.987580      4.782185     0.000000      18.699617      21.778402      25.059355  5.799373e+01
stats_boost_percent_boost_50_75                       93769.0      18.019508      4.696763     0.000000      14.748222      17.733389      20.994793  5.244729e+01
stats_boost_percent_boost_75_100                      93769.0      26.859436      7.185802     0.000000      21.798447      26.367805      31.369972  1.000000e+02
stats_movement_avg_speed                              93769.0    1518.728876     76.275211  1086.000000    1468.000000    1518.000000    1569.000000  2.159000e+03
stats_movement_total_distance                         93769.0  479112.137881  73982.040187  1959.000000  457908.000000  488534.000000  515088.000000  2.140019e+06
stats_movement_time_powerslide                        93769.0       6.342034      2.405801     0.000000       4.720000       6.110000       7.660000  4.192000e+01
stats_movement_count_powerslide                       93769.0      58.042797     23.790167     0.000000      41.000000      55.000000      72.000000  2.650000e+02
stats_movement_avg_powerslide_duration                93769.0       0.113628      0.028224     0.000000       0.100000       0.110000       0.130000  9.800000e-01
stats_movement_avg_speed_percentage                   93769.0      66.031690      3.316314    47.217392      63.826088      66.000000      68.217390  9.386957e+01
stats_movement_percent_slow_speed                     93769.0      47.221961      5.883811     0.000000      43.301323      47.156673      51.095180  7.370663e+01
stats_movement_percent_boost_speed                    93769.0      39.279251      4.117267    16.944880      36.525080      39.253536      42.016914  9.625851e+01
stats_movement_percent_supersonic_speed               93769.0      13.498788      4.156090     0.000000      10.633875      13.188450      16.017365  5.782480e+01
stats_movement_percent_ground                         93769.0      56.470071      5.022635    12.526516      53.287334      56.462200      59.661990  1.000000e+02
stats_movement_percent_low_air                        93769.0      38.185298      4.402707     0.000000      35.333183      38.131010      40.943530  8.713491e+01
stats_movement_percent_high_air                       93769.0       5.344630      2.129329     0.000000       3.847650       5.200659       6.655728  3.000323e+01
stats_positioning_avg_distance_to_ball                93769.0    2901.512547    257.784366  1667.000000    2731.000000    2890.000000    3058.000000  6.153000e+03
stats_positioning_avg_distance_to_ball_possession     93769.0    2799.055317    326.883857     0.000000    2584.000000    2788.000000    3003.000000  6.918000e+03
stats_positioning_avg_distance_to_ball_no_possession  93769.0    2990.415617    292.464840     0.000000    2797.000000    2978.000000    3166.000000  9.865000e+03
stats_positioning_avg_distance_to_mates               93769.0    3640.655590    244.394493  2051.000000    3489.000000    3639.000000    3790.000000  7.823000e+03
stats_positioning_percent_defensive_third             93769.0      48.543766      6.611187     0.000000      44.198704      48.579247      52.965170  8.030212e+01
stats_positioning_percent_offensive_third             93769.0      19.712849      4.879014     0.000000      16.364647      19.454268      22.699678  8.469435e+01
stats_positioning_percent_neutral_third               93769.0      31.743386      4.060957     5.155082      29.036772      31.676815      34.383705  1.000000e+02
stats_positioning_percent_defensive_half              93769.0      65.507095      6.266994     0.000000      61.514286      65.697624      69.794670  9.047531e+01
stats_positioning_percent_offensive_half              93769.0      34.492905      6.266994     9.524688      30.205330      34.302380      38.485706  1.000000e+02
stats_positioning_percent_behind_ball                 93769.0      71.561547      5.368584     0.000000      68.169880      71.751020      75.149570  1.000000e+02
stats_positioning_percent_infront_ball                93769.0      28.438453      5.368584     0.000000      24.850440      28.248980      31.830118  1.000000e+02
stats_positioning_percent_most_back                   93769.0      35.425613      6.666561     0.000000      31.148567      35.011776      39.049026  1.005469e+02
stats_positioning_percent_most_forward                93769.0      33.035583      6.222229     0.000000      29.002665      32.504890      36.310463  9.843750e+01
stats_positioning_percent_closest_to_ball             93769.0      33.213318      4.777540     0.000000      30.094982      32.918907      35.904030  7.465463e+01
stats_positioning_goals_against_while_last_defender   93769.0       0.804488      0.915698     0.000000       0.000000       1.000000       1.000000  8.000000e+00
stats_positioning_percent_farthest_from_ball          93769.0      35.167341      6.644384     0.000000      31.081165      34.486126      38.132484  9.750813e+01
stats_demo_inflicted                                  93769.0       0.813126      0.972153     0.000000       0.000000       1.000000       1.000000  2.000000e+01
stats_demo_taken                                      93769.0       0.966439      1.033457     0.000000       0.000000       1.000000       2.000000  1.300000e+01
tod_sin                                               93769.0      -0.564140      0.444378    -1.000000      -0.906768      -0.724573      -0.351637  9.999988e-01
tod_cos                                               93769.0       0.407438      0.564157    -1.000000       0.117682       0.584781       0.858960  1.000000e+00
